idx,address,original_reward,area,description,reward_style,tier,force_type,required_key_items,required_key_items_lock1,required_key_items_lock2,exdeath_address,hint_tags,world
0,C0FAB2,Knight,Wind Shrine,Wind Crystal,event,4,,,,,,,
1,C0FAB4,BlueMage,Wind Shrine,Wind Crystal,event,4,,,,,,,
2,C0FAB6,BlackMage,Wind Shrine,Wind Crystal,event,4,,,,,,,
3,C0FAB8,WhiteMage,Wind Shrine,Wind Crystal,event,4,,,,,,,
4,C0FABA,Monk,Wind Shrine,Wind Crystal,event,4,,,,,,,
5,C0FABC,Thief,Wind Shrine,Wind Crystal,event,4,,,,,,,
6,C0FABE,Mediator,Karnak,Fire Crystal,event,4,,,,,,,
7,C0FAC0,Geomancer,Karnak,Fire Crystal,event,4,,,,,,,
8,C0FAC2,Ninja,Karnak,Fire Crystal,event,4,,,,,,,
9,C0FAC4,Bard,Crescent Island,Black Choco Crystals,event,3,,,,,,,
10,C0FAC6,Hunter,Crescent Island,Black Choco Crystals,event,3,,,,,,,
11,C0FAC8,Samurai,Flying Lonka Ruins,Earth Crystal,event,4,,,,,,,
12,C0FACA,Dragoon,Flying Lonka Ruins,Earth Crystal,event,4,,,,,,,
13,C0FACC,Chemist,Flying Lonka Ruins,Earth Crystal,event,4,,,,,,,
14,C0FACE,Dancer,Flying Lonka Ruins,Earth Crystal,event,4,,,,,,,
15,C0FAD0,Levia,Istory Falls,Leviathan Esper,event,4,,,,,,,
16,C0FAD2,Titan,Karnak,Titan,event,4,,,,,,,
17,C0FAD4,Crbnkl,Exdeath's Castle,Carbuncle,event,6,,,,,,,
18,C0FAD6,Syldra,Pirate's Cave,Syldra,event,6,,,,,,,
19,C0FAD8,Odin,Bal Castle,Odin,event,7,,,,,,,
20,C0FADA,Phenix,Phoenix Tower,Phoenix,event,8,,,,,,,
21,C0FADC,Bahmut,Hiryuu Valley,Bahamut,event,8,,,,,,,
22,C0FADE,Vitality,Crescent Island,Life Song,event,2,,,,,,,
23,C0FAE0,Charm,Lix,Temptation Song at Lix,event,2,,,,,,,
24,C0FAE2,Love,Istory Falls,Love Song at Istory,event,2,,,,,,,
25,C0FAE4,Requiem,Kelb,Requiem Song at Kelb,event,2,,,,,,,
26,C0FAE6,Speed,Surgate Castle,Speed Song at Surgate,event,4,,,,,,,
27,C0FAE8,Magic,Ancient Library,Magic Song at Ancient Library,event,4,,,,,,,
28,C0FAEA,Power,Crescent Island,Power Song from Crescent Town,event,2,,,,,,,
29,C0FAEC,Hero,Crescent Island,Hero Song from Crescent Town,event,4,,,,,,,
30,C0FAEE,Holy,Fork Tower,"Fork Tower, two Magics",event,8,,,,,,,
31,C0FAF0,Flare,Fork Tower,"Fork Tower, two Magics",event,8,,,,,,,
32,C0FAF2,Meteo,Great Trench,Meteo,event,8,,,,,,,
33,C0FAF4,Potion,Wind Shrine,5 potions (from NPC),event,2,,,,,,,
34,C0FAF6,Potion,Pirate's Cave,8 potions (from NPC),event,2,,,,,,,
35,C0FAF8,Healing Staff,Tycoon Castle,Chancellor at Tycoon,event,2,,,,,,,
36,C0FAFA,Mythril Helm,North Mountain,Magisa & Forza,event,2,,,,,,,
37,C0FAFC,CornaJar,Kelb,CornaJar at Kelb,event,8,,,,,,,
38,C0FAFE,Ribbon,Rugor,Ribbon from girl in Rugor,event,4,,,,,,,
39,C0FB00 ,Mirage Vest,Mirage Village,Mirage Vest,event,1,,,,,,,
40,C0FB02,Assassin,Kuzar,12 Kuzar Events,event,8,,,,,,,
41,C0FB04,Apollo's Harp,Kuzar,12 Kuzar Events,event,8,,,,,,,
42,C0FB06,Excalibur,Kuzar,12 Kuzar Events,event,8,,,,,,,
43,C0FB08,Flame Whip,Kuzar,12 Kuzar Events,event,8,,,,,,,
44,C0FB0A,Earth Bell,Kuzar,12 Kuzar Events,event,8,,,,,,,
45,C0FB0C,Holy Lance,Kuzar,12 Kuzar Events,event,8,,,,,,,
46,C0FB0E,Masamune,Kuzar,12 Kuzar Events,event,8,,,,,,,
47,C0FB10,Wizard Rod,Kuzar,12 Kuzar Events,event,8,,,,,,,
48,C0FB12,Rune Axe,Kuzar,12 Kuzar Events,event,8,,,,,,,
49,C0FB14,Sage's Staff,Kuzar,12 Kuzar Events,event,8,,,,,,,
50,C0FB16,Sasuke,Kuzar,12 Kuzar Events,event,8,,,,,,,
51,C0FB18,Yoichi Bow,Kuzar,12 Kuzar Events,event,8,,,,,,,
52,C0FB1A,Shiva,Walse,Shiva,event,4,,,,,,,
53,C0FB1C,Ifrit,Ancient Library,Ifrit,event,4,,,,,,,
54,C0FB1E,Samurai,Walse,Water Crystal,event,4,,,,,,,
55,C0FB20,Berserker,Walse,Water Crystal,event,4,,,,,,,
56,C0FB22,MysticKnight,Walse,Water Crystal,event,4,,,,,,,
57,C0FB24,TimeMage,Walse,Water Crystal,event,4,,,,,,,
58,C0FB26,Summoner,Walse,Water Crystal,event,4,,,,,,,
59,C0FB28,Brave Blade,Mua,Brave Blade,event,6,,,,,,,
60,C0FB2A,Chicken Knife,Mua,Chicken Knife,event,6,,,,,,,
61,C0FB2C,Cabin,Tycoon Castle,Tycoon Castle Cabin,event,2,,,,,,,
62,C0FB2E,Cabin,Tycoon Castle,Tycoon Castle Cabin,event,2,,,,,,,
63,C0FB30,GoGo,Walse,Walse Tower Chest,event,2,,,,,,,
64,C0FB32,Pyramid Tablet,Pyramid,Pyramid Top,event,2,,,,,,,
65,C0FB34,Toad,Istory Falls,Toad Event,event,2,,,,,,,
66,C0FB36,Aegis Shield,Mua,Aegis Shield Chest,event,4,,,,,,,
67,C0FB38,Cabin,Carwen,Lone Wolf Barrel,event,2,,,,,,,
68,C0FB3A,Thunder Whip,Bal Castle,Lone Wolf Chest,event,4,,,,,,,
69,C0FB3C,Epee,Bal Castle,Moat Item,event,4,,,,,,,
70,C0FB3E,Lamia Harp,Bal Castle,Shop Backdoor,event,4,,,,,,,
71,C0FB40,Magic Lamp,Istory Falls,Top of the Falls,event,6,,,,,,,
72,D13212,Broadsword,Wind Shrine,Wind Shrine Chest,chest,2,,,,,,,
73,D13216,Ether,Tule,Beginner's House Chest,chest,2,,,,,,,
74,D1321A,100,Tule,Beginner's House Chest,chest,2,,,,,,,
75,D1321E,Potion,Tule,Beginner's House Chest,chest,2,,,,,,,
76,D13222,Phoenix Down,Tule,Beginner's House Chest,chest,2,,,,,,,
77,D13226,Tent,Tule,Beginner's House Chest,chest,2,,,,,,,
78,D1322A,Leather Shoes,Tule,Beginner's House Chest,chest,2,Item,,,,,,
79,D1322E,Leather Cap,Pirate's Cave,Pirate's Cave Chest,chest,2,,,,,,,
80,D13232,Tent,Pirate's Cave,Pirate's Cave Chest,chest,2,,,,,,,
81,D13236,Ether,Pirate's Cave,Pirate's Cave Chest,chest,2,,,,,,,
82,D1323A,300,Pirate's Cave,Pirate's Cave Chest,chest,2,,,,,,,
83,D1323E,Tent,Wind Shrine,Wind Shrine Chest,chest,2,,,,,,,
84,D13242,Leather Cap,Wind Shrine,Wind Shrine Chest,chest,2,,,,,,,
85,D13246,Staff,Wind Shrine,Wind Shrine Chest,chest,2,,,,,,,
86,D1324A,150,Tule,Tule Barrel,chest,2,,,,,,,
87,D1324E,Leather Shoes,Tule,Tule Box,chest,2,,,,,,,
88,D13252,Potion,Tule,Tule Barrel,chest,2,,,,,,,
89,D13256,Tent,Tule,Tule Box,chest,2,,,,,,,
90,D1325A,Phoenix Down,Tule,Tule Bush,chest,2,,,,,,,
91,D1325E,Flail,Ship Graveyard,Ship Graveyard Chest,chest,2,,,,,,,
92,D13262,Phoenix Down,Ship Graveyard,Ship Graveyard Chest,chest,2,,,,,,,
93,D13266,Tent,Ship Graveyard,Ship Graveyard Chest,chest,2,,,,,,,
94,D1326A,990,Ship Graveyard,Ship Graveyard Box,chest,2,,,,,,,
95,D1326E,Potion,Ship Graveyard,Ship Graveyard Chest,chest,2,,,,,,,
96,D13272,Antidote,Ship Graveyard,Ship Graveyard Chest,chest,2,,,,,,,
97,D13276,Antidote,Ship Graveyard,Ship Graveyard Chest,chest,2,,,,,,,
98,D1327A,Phoenix Down,Ship Graveyard,Ship Graveyard Chest,chest,2,,,,,,,
99,D1327E,Antidote,Carwen,Carwen Barrel,chest,2,,,,,,,
100,D13282,Ice Rod,Carwen,Carwen Box,chest,2,,,,,,,
101,D13286,1000,Carwen,Carwen Pot,chest,2,,,,,,,
102,D1328A,Soft,North Mountain,North Mountain Chest,chest,2,,,,,,,
103,D1328E,Phoenix Down,North Mountain,North Mountain Chest,chest,2,,,,,,,
104,D13292,Glasses,Walse,Walse Town Pot,chest,2,,,,,,,
105,D13296,Hi-Potion,Tycoon Castle,Tycoon Castle Pot,chest,2,,,,,,,
106,D1329A,Ether,Tycoon Castle,Tycoon Castle Pot,chest,2,,,,,,,
107,D1329E,Elixir,Tycoon Castle,Tycoon Castle Barrel,chest,2,,,,,,,
108,D132A2,Phoenix Down,Tycoon Castle,Tycoon Castle Barrel,chest,2,,,,,,,
109,D132A6,Cabin,Tycoon Castle,Tycoon Castle Barrel,chest,2,,,,,,,
110,D132AA,Ether,Tycoon Castle,Tycoon Castle Pot,chest,2,,,,,,,
111,D132AE,Elixir,Tycoon Castle,Tycoon Castle Pot,chest,2,,,,,,,
112,D132B2,Phoenix Down,Tycoon Castle,Tycoon Castle Pot,chest,2,,,,,,,
113,D132B6,Maiden's Kiss,Tycoon Castle,Tycoon Castle Pot,chest,2,,,,,,,
114,D132BA,Shuriken,Tycoon Castle,Tycoon Castle Chest,chest,2,,,,,,,
115,D132BE,Giyaman,Tycoon Castle,Tycoon Castle Chest,chest,2,,,,,,,
116,D132C2,Katana,Tycoon Castle,Tycoon Castle Chest,chest,2,,,,,,,
117,D132C6,Elf Cape,Walse,Walse Castle Chest,chest,2,,,,,,,
118,D132CA,1000,Walse,Walse Castle Pot,chest,2,,,,,,,
119,D132CE,Drag,Walse,Walse Castle Pot,chest,2,,,,,,,
120,D132D2,1000,Walse,Walse Castle Pot,chest,2,,,,,,,
121,D132D6,490,Walse,Walse Castle Box,chest,2,,,,,,,
122,D132DA,Tent,Walse,Walse Castle Barrel,chest,2,,,,,,,
123,D132DE,Phoenix Down,Walse,Walse Castle Barrel,chest,2,,,,,,,
124,D132E2,Silk robe,Walse,Walse Tower Chest,chest,2,,,,,,,
125,D132E6,Maiden's Kiss,Walse,Walse Tower Chest,chest,2,,,,,,,
126,D132EA,Silver Armlet,Walse,Walse Tower Chest,chest,2,,,,,,,
127,D132EE,Ether,Walse,Walse Tower Chest,chest,2,,,,,,,
128,D132F2,Phoenix Down,Tycoon Castle,Tycoon Meteor Chest,chest,2,,,,,,,
129,D132F6,Gungnir,Karnak,Karnak Castle Chest,chest,4,Item,,,,,,
130,D132FA,Thunder Scroll,Karnak,Karnak Castle Chest,chest,4,Item,,,,,,
131,D132FE,2000,Karnak,Karnak Castle Chest,chest,4,,,,,,,
132,D13302,Elixir,Karnak,Karnak Castle Chest,chest,4,Item,,,,,,
133,D13306,Elixir,Karnak,Karnak Castle Chest,chest,4,,,,,,,
134,D1330A,Elixir,Karnak,Karnak Castle Chest,chest,4,,,,,,,
135,D1330E,2000,Karnak,Karnak Castle Chest,chest,4,,,,,,,
136,D13312,Elixir,Karnak,Karnak Castle Chest,chest,4,,,,,,,
137,D13316,Elixir,Karnak,Karnak Castle Chest,chest,4,,,,,,,
138,D1331A,Ribbon,Karnak,Karnak Castle Chest,chest,4,,,,,,,
139,D1331E,Shuriken,Karnak,Karnak Castle Chest,chest,4,,,,,,,
140,D13322,2000,Karnak,Karnak Castle Chest,chest,4,,,,,,,
141,D13326,Elixir,Karnak,Karnak Castle Chest,chest,4,,,,,,,
142,D1332A,Elf Cape,Karnak,Karnak Castle Chest,chest,4,,,,,,,
143,D1332E,Guardian,Karnak,Karnak Castle Chest,chest,4,,,,,,,
144,D13332,Fire Rod,Steamship,Karnak Town Barrel,chest,4,,,,,,,
145,D13336,Cabin,Steamship,Steamship Chest,chest,2,,,,,,,
146,D1333A,Phoenix Down,Steamship,Steamship Chest,chest,2,,,,,,,
147,D1333E,Elixir,Steamship,Steamship Chest,chest,2,,,,,,,
148,D13342,GrnBeret,Steamship,Steamship Chest,chest,2,,,,,,,
149,D13346,Thief's Glove,Steamship,Steamship Chest,chest,2,,,,,,,
150,D1334A,Elixir,Steamship,Steamship Chest,chest,2,,,,,,,
151,D1334E,Ether,Ancient Library,Ancient Library Chest,chest,2,,,,,,,
152,D13352,Phoenix Down,Ancient Library,Ancient Library Chest,chest,2,,,,,,,
153,D13356,Stealth Suit,Ancient Library,Ancient Library Chest,chest,2,,,,,,,
154,D1335A,Shuriken,Jacole,Jacole Cave Chest,chest,2,,,,,,,
155,D1335E,Tent,Jacole,Jacole Cave Chest,chest,2,,,,,,,
156,D13362,Shuriken,Ruined City,Ruined City Chest,chest,2,,,,,,,
157,D13366,Shuriken,Ruined City,Ruined City Chest,chest,2,,,,,,,
158,D1336A,Size,Ruined City,Ruined City Chest,chest,2,,,,,,,
159,D1336E,Golden Armor,Flying Lonka Ruins,Flying Lonka Ruins Chest,chest,2,,,,,,,
160,D13372,Elixir,Flying Lonka Ruins,Flying Lonka Ruins Chest,chest,2,,,,,,,
161,D13376,Phoenix Down,Flying Lonka Ruins,Flying Lonka Ruins Chest,chest,2,,,,,,,
162,D1337A,Golden Shield,Flying Lonka Ruins,Flying Lonka Ruins Chest,chest,2,,,,,,,
163,D1337E,Mythril Glove,Steamship,Steamship Chest,chest,2,,,,,,,
164,D13382,Elixir,Steamship,Steamship Chest,chest,2,,,,,,,
165,D13386,Full Moon,Steamship,Steamship Chest,chest,2,,,,,,,
166,D1338A,Hi-Potion,Flying Lonka Ruins,Flying Lonka Ruins Chest,chest,2,,,,,,,
167,D1338E,5000,Flying Lonka Ruins,Flying Lonka Ruins Chest,chest,2,,,,,,,
168,D13392,Shuriken,Flying Lonka Ruins,Flying Lonka Ruins Chest,chest,2,,,,,,,
169,D13396,Ancient Sword,Flying Lonka Ruins,Flying Lonka Ruins Chest,chest,2,,,,,,,
170,D1339A,Full Moon,Flying Lonka Ruins,Flying Lonka Ruins Chest,chest,2,,,,,,,
171,D1339E,Power Wrist,Flying Lonka Ruins,Flying Lonka Ruins Chest,chest,2,,,,,,,
172,D133A2,Ether,Flying Lonka Ruins,Flying Lonka Ruins Chest,chest,2,,,,,,,
173,D133A6,Cabin,Exdeath's Castle,Flying Lonka Ruins Chest,chest,2,,,,,,,
174,D133AA,Ether,Exdeath's Castle,Exdeath's Castle Chest,chest,5,,,,,,,
175,D133AE,Diamond Shield,Exdeath's Castle,Exdeath's Castle Chest,chest,5,,,,,,,
176,D133B2,Ice Shield,Exdeath's Castle,Exdeath's Castle Chest,chest,5,,,,,,,
177,D133B6,Ether,Exdeath's Castle,Exdeath's Castle Chest,chest,5,,,,,,,
178,D133BA,Elixir,Exdeath's Castle,Exdeath's Castle Chest,chest,5,,,,,,,
179,D133BE,Gale Bow,Exdeath's Castle,Exdeath's Castle Chest,chest,5,,,,,,,
180,D133C2,IceBrand,Exdeath's Castle,Exdeath's Castle Chest,chest,5,,,,,,,
181,D133C6,Kotetsu,Exdeath's Castle,Exdeath's Castle Chest,chest,5,,,,,,,
182,D133CA,9900,Exdeath's Castle,Exdeath's Castle Chest,chest,5,,,,,,,
183,D133CE,Elixir,Exdeath's Castle,Exdeath's Castle Chest,chest,5,,,,,,,
184,D133D2,8000,Exdeath's Castle,Exdeath's Castle Chest,chest,5,,,,,,,
185,D133D6,DblLance,Exdeath's Castle,Exdeath's Castle Chest,chest,5,,,,,,,
186,D133DA,Partisan,Exdeath's Castle,Exdeath's Castle Chest,chest,5,,,,,,,
187,D133DE,Pinwheel,Exdeath's Castle,Exdeath's Castle Chest,chest,5,,,,,,,
188,D133E2,4400,Moogle Village,Moogle Cave Chest,chest,4,,,,,,,
189,D133E6,Phoenix Down,Moogle Village,Moogle Cave Chest,chest,4,,,,,,,
190,D133EA,Cabin,Moogle Village,Moogle Village Chest,chest,9,,,,,,,
191,D133EE,Dancing Dagger,Moogle Village,Moogle Village Chest,chest,9,,,,,,,
192,D133F2,1,Moogle Village,Moogle Village Chest,chest,9,,,,,,,
193,D133F6,10000,Moogle Village,Moogle Village Chest,chest,9,,,,,,,
194,D133FA,Phoenix Down,Moogle Village,Moogle Village Chest,chest,9,,,,,,,
195,D133FE,Ether,Moogle Village,Moogle Village Chest,chest,9,,,,,,,
196,D13402,Elf Cape,Moogle Village,Moogle Village Chest,chest,9,,,,,,,
197,D13406,Angel Gwn,Bal Castle,Bal Castle Chest,chest,4,,,,,,,
198,D1340A,Hero Drink,Bal Castle,Bal Castle Chest,chest,4,,,,,,,
199,D1340E,Exit,Bal Castle,Bal Castle Chest,chest,4,,,,,,,
200,D13412,Bone Mail,Hiryuu Valley,Hiryuu Valley Skull,chest,4,,,,,,,
201,D13416,5000,Hiryuu Valley,Hiryuu Valley Chest,chest,4,,,,,,,
202,D1341A,Cabin,Hiryuu Valley,Hiryuu Valley Chest,chest,4,,,,,,,
203,D1341E,7000,Hiryuu Valley,Hiryuu Valley Chest,chest,4,,,,,,,
204,D13422,Coronet,Hiryuu Valley,Hiryuu Valley Chest,chest,4,,,,,,,
205,D13426,Air Blade,Hiryuu Valley,Hiryuu Valley Chest,chest,4,,,,,,,
206,D1342A,Phoenix Down,Hiryuu Valley,Hiryuu Valley Chest,chest,4,,,,,,,
207,D1342E,5000,Surgate Castle,Surgate Castle Chest,chest,4,,,,,,,
208,D13432,Float,Surgate Castle,Surgate Castle Chest,chest,4,,,,,,,
209,D13436,Drain Sword,Barrier Tower,Barrier Tower Chest,chest,4,Item,,,,,,
210,D1343A,9000,Barrier Tower,Barrier Tower Chest,chest,4,,,,,,,
211,D1343E,18000,Barrier Tower,Barrier Tower Chest,chest,4,,,,,,,
212,D13442,Gold Hairpin,Barrier Tower,Barrier Tower Chest,chest,4,Item,,,,,,
213,D13446,Guardian,Mua,Mua Town Barrel,chest,4,,,,,,,
214,D1344A,2500,Mua,Mua Forest Chest,chest,4,,,,,,,
215,D1344E,Ether,Mua,Mua Forest Chest,chest,4,,,,,,,
216,D13452,4900,Mua,Mua Forest Chest,chest,4,,,,,,,
217,D13456,Phoenix Down,Mua,Mua Forest Chest,chest,4,,,,,,,
218,D1345A,9500,Mua,Mua Forest Chest,chest,4,,,,,,,
219,D1345E,Soot,Mua,Mua Forest Chest,chest,4,,,,,,,
220,D13462,Flametongue,Mua,Mua Forest Chest,chest,4,,,,,,,
221,D13466,Cabin,Mua,Mua Forest Chest,chest,4,,,,,,,
222,D1346A,Giant Drink,Mua,Mua Forest Chest,chest,4,,,,,,,
223,D1346E,Elixir,Mua,Mua Forest Chest,chest,4,,,,,,,
224,D13472,Morning Star,Mua,Mua Forest Chest,chest,4,,,,,,,
225,D13476,Ether,Solitary Island,Solitary Island Chest,chest,6,,,,,,,
226,D1347A,DragonFang,Solitary Island,Solitary Island Chest,chest,6,,,,,,,
227,D1347E,Elixir,Pyramid,Pyramid Chest,chest,9,,,,,,,
228,D13482,Elixir,Pyramid,Pyramid Chest,chest,9,,,,,,,
229,D13486,Black Robe,Pyramid,Pyramid Chest,chest,9,Item,,,,,,
230,D1348A,Thornlet,Pyramid,Pyramid Chest,chest,9,,,,,,,
231,D1348E,DarkMatter,Pyramid,Pyramid Chest,chest,9,Item,,,,,,
232,D13492,Crystal Armor,Pyramid,Pyramid Chest,chest,9,Item,,,,,,
233,D13496,Cursed Ring,Pyramid,Pyramid Chest,chest,9,,,,,,,
234,D1349A,Ice Shield,Pyramid,Pyramid Chest,chest,9,,,,,,,
235,D1349E,Flame Shield,Pyramid,Pyramid Chest,chest,9,,,,,,,
236,D134A2,DarkMatter,Pyramid,Pyramid Chest,chest,9,,,,,,,
237,D134A6,White Robe,Pyramid,Pyramid Chest,chest,9,,,,,,,
238,D134AA,DarkSuit,Pyramid,Pyramid Chest,chest,9,,,,,,,
239,D134AE,DarkMatter,Pyramid,Pyramid Chest,chest,9,,,,,,,
240,D134B2,DarkMatter,Pyramid,Pyramid Chest,chest,9,,,,,,,
241,D134B6,DarkMatter,Pyramid,Pyramid Chest,chest,9,,,,,,,
242,D134BA,9000,Pyramid,Pyramid Chest,chest,9,,,,,,,
243,D134BE,8000,Pyramid,Pyramid Chest,chest,9,,,,,,,
244,D134C2,Earth Hammer,Pyramid,Pyramid Chest,chest,9,,,,,,,
245,D134C6,10000,Pyramid,Pyramid Chest,chest,9,,,,,,,
246,D134CA,Cabin,Pyramid,Pyramid Chest,chest,9,,,,,,,
247,D134CE,Elixir,Pyramid,Pyramid Chest,chest,9,,,,,,,
248,D134D2,12000,Pyramid,Pyramid Chest,chest,9,,,,,,,
249,D134D6,DarkMatter,Pyramid,Pyramid Chest,chest,9,,,,,,,
250,D134DA,Elixir,Pyramid,Pyramid Chest,chest,9,,,,,,,
251,D134DE,DarkMatter,Pyramid,Pyramid Chest,chest,9,,,,,,,
252,D134E2,Guard Ring,Pyramid,Pyramid Chest,chest,9,,,,,,,
253,D134E6,Ribbon,Pyramid,Pyramid Chest,chest,9,,,,,,,
254,D134EA,Gold Hairpin,Pyramid,Pyramid Chest,chest,9,,,,,,,
255,D134EE,12000,Solitary Island,Solitary Island Chest,chest,6,,,,,,,
256,D134F2,Hi-Potion,Solitary Island,Solitary Island Chest,chest,6,,,,,,,
257,D134F6,Protect Drink,Solitary Island,Solitary Island Chest,chest,6,,,,,,,
258,D134FA,BeastKiller,Solitary Island,Solitary Island Chest,chest,6,,,,,,,
259,D134FE,RisingSun,Solitary Island,Solitary Island Chest,chest,6,Item,,,,,,
260,D13502,Ether,Solitary Island,Solitary Island Chest,chest,6,,,,,,,
261,D13506,Guard Ring,Solitary Island,Solitary Island Chest,chest,6,Item,,,,,,
262,D1350A,Crystal Helm,Solitary Island,Solitary Island Chest,chest,6,,,,,,,
263,D1350E,9000,Solitary Island,Solitary Island Chest,chest,6,,,,,,,
264,D13512,Elixir,Solitary Island,Solitary Island Chest,chest,6,,,,,,,
265,D13516,DarkMatter,Solitary Island,Solitary Island Chest,chest,6,,,,,,,
266,D1351A,Circlet,Solitary Island,Solitary Island Chest,chest,6,,,,,,,
267,D1351E,Ether,Fork Tower,Fork Tower L. Chest,chest,7,,,,,,,
268,D13522,Wonder Wand,Fork Tower,Fork Tower L. Chest,chest,7,,,,,,,
269,D13526,Hi-Potion,Fork Tower,Fork Tower R. Chest,chest,7,,,,,,,
270,D1352A,Defender Sword,Fork Tower,Fork Tower R. Chest,chest,7,,,,,,,
271,D1352E,Water Scroll,Great Trench,Great Trench Chest,chest,6,,,,,,,
272,D13532,Flame Ring,Great Trench,Great Trench Chest,chest,6,,,,,,,
273,D13536,DragonFang,Great Trench,Great Trench Chest,chest,6,,,,,,,
274,D1353A,Ether,Great Trench,Great Trench Chest,chest,6,,,,,,,
275,D1353E,Phoenix Down,Great Trench,Great Trench Chest,chest,6,,,,,,,
276,D13542,Kaiser Knuckles,Istory Falls,Great Trench Chest,chest,6,,,,,,,
277,D13546,Ether,Istory Falls,Istory Falls Chest,chest,6,,,,,,,
278,D1354A,TurtleShell,Istory Falls,Istory Falls Chest,chest,6,,,,,,,
279,D1354E,Air Lance,Istory Falls,Istory Falls Chest,chest,6,,,,,,,
280,D13552,Giant Drink,Istory Falls,Istory Falls Chest,chest,6,,,,,,,
281,D13556,RuneEdge,Istory Falls,Istory Falls Chest,chest,6,,,,,,,
282,D1355A,Guard Ring,Istory Falls,Istory Falls Chest,chest,6,,,,,,,
283,D1355E,Wall Ring,Istory Falls,Istory Falls Chest,chest,6,,,,,,,
284,D13562,Phoenix Down,Istory Falls,Istory Falls Chest,chest,6,,,,,,,
285,D13566,Enhancer,Istory Falls,Istory Falls Chest,chest,6,,,,,,,
286,D1356A,12000,Istory Falls,Istory Falls Chest,chest,6,,,,,,,
287,D1356E,Artemis Bow,Istory Falls,Istory Falls Chest,chest,6,,,,,,,
288,D13572,Pinwheel,Istory Falls,Istory Falls Chest,chest,6,,,,,,,
289,D13576,Aegis Shield,Istory Falls,Istory Falls Chest,chest,6,,,,,,,
290,D1357A,Giant's Axe,Istory Falls,Istory Falls Chest,chest,6,,,,,,,
291,D1357E,5000,Phoenix Tower,Phoenix Tower Pot,chest,1,Item,,,,,,
292,D13582,Phoenix Down,Phoenix Tower,Phoenix Tower Pot,chest,1,Item,,,,,,
293,D13586,10000,Phoenix Tower,Phoenix Tower Pot,chest,1,Item,,,,,,
294,D1358A,Phoenix Down,Phoenix Tower,Phoenix Tower Pot,chest,1,Item,,,,,,
295,D1358E,Phoenix Down,Phoenix Tower,Phoenix Tower Pot,chest,1,Item,,,,,,
296,D13592,15000,Phoenix Tower,Phoenix Tower Pot,chest,1,Item,,,,,,
297,D13596,20000,Phoenix Tower,Phoenix Tower Pot,chest,1,Item,,,,,,
298,D1359A,Phoenix Down,Phoenix Tower,Phoenix Tower Pot,chest,1,Item,,,,,,
299,D1359E,Avis Killer,Phoenix Tower,Phoenix Tower Pot,chest,1,Item,,,,,,
300,D135A2,25000,Phoenix Tower,Phoenix Tower Pot,chest,1,Item,,,,,,
301,D135A6,Thief Knife,Mirage Village,Mirage Village Barrel,chest,7,,,,,,,
302,D135AA,Ether,Rift,Rift (Ruins) Chest,chest,7,,,,,,,
303,D135AE,Cabin,Rift,Rift (Ruins) Chest,chest,7,,,,,,,
304,D135B2,Elixir,Rift,Rift (Ruins) Chest,chest,7,,,,,,,
305,D135B6,DarkMatter,Rift,Rift (Ruins) Chest,chest,7,,,,,,,
306,D135BA,Elixir,Rift,Rift (Ruins) Chest,chest,7,,,,,,,
307,D135BE,Drain Sword,Rift,Rift (Ruins) Chest,chest,7,,,,,,,
308,D135C2,DragonFang,Rift,Rift (Forest) Chest,chest,7,,,,,,,
309,D135C6,Ribbon,Rift,Rift (Forest) Chest,chest,7,,,,,,,
310,D135CA,Enhancer,Rift,Rift (Forest) Chest,chest,7,,,,,,,
311,D135CE,Lillith Rod,Rift,Rift (Forest) Chest,chest,7,,,,,,,
312,D135D2,Angel Ring,Rift,Rift (Cave) Chest,chest,7,,,,,,,
313,D135D6,Coral Ring,Rift,Rift (Cave) Chest,chest,7,,,,,,,
314,D135DA,Thor Hammer,Rift,Rift (Castle) Chest,chest,7,,,,,,,
315,D135DE,Running Shoes,Rift,Rift (Castle) Chest,chest,7,,,,,,,
316,D135E2,Red Shoes,Rift,Rift (Castle) Chest,chest,7,,,,,,,
317,D135E6,Rainbow Dress,Rift,Rift (Castle) Chest,chest,7,,,,,,,
318,D135EA,ManEater,Rift,Rift (Castle) Chest,chest,7,,,,,,,
319,D135EE,Pinwheel,Void,The Void Chest,chest,8,,,,,,,
320,D135F2,Pinwheel,Void,The Void Chest,chest,8,,,,,,,
321,D135F6,Elixir,Void,The Void Chest,chest,8,,,,,,,
322,D135FA,Ragnarok,Void,The Void Chest,chest,8,Item,,,,,,
323,D135FE,Pinwheel,Void,The Void Chest,chest,8,,,,,,,
324,C0FB70,New,Ancient Library,Byblos,key,7,,[“Ifrit's Fire”],[“Ifrit's Fire”],[“Ifrit's Fire”],60,[“library”],1
325,C0FB72,New,Wind Shrine,WingRaptor,key,7,,,,,61,[“shrine”],1
326,C0FB74,New,Torna Canal,Karlabos,key,7,,,,,62,[“ship”],1
327,C0FB76,New,Ship Graveyard,Siren,key,7,,,,,63,[“ship”],1
328,C0FB78,New,North Mountain,Magisa & Forza,key,7,,,,,64,[“mountainous”],1
329,C0FB7A,New,Walse Tower,Galura,key,7,,[“Walse Tower Key”],[“Walse Tower Key”],[“Walse Tower Key”],65,[“tower”],1
330,C0FB7C,New,Steamship,LiquiFlame,key,7,,[“Steamship Key”],[“Steamship Key”],[“Steamship Key”],66,[“ship”],1
331,C0FB7E,New,Karnak,Sergeant & DeathClaw,key,7,,[“Steamship Key”],[“Steamship Key”],[“Steamship Key”],67,[“castle”],1
332,C0FB80,New,Desert of Shifting Sands,Sandworm,key,7,,[“Sandworm Bait”],[“Sandworm Bait”],[“Sandworm Bait”],68,[“desert”],1
333,C0FB82,New,Tycoon Meteor,AdamanTiMi,key,7,,,,,69,[“meteor”],1
334,C0FB84,New,Flying Lonka Ruins,Sol Cannon,key,7,,[“Adamantite”],[“Adamantite”],[“Adamantite”],6A,[“aerial”],1
335,C0FB86,New,Flying Lonka Ruins,ArchaeAvis,key,7,,[“Adamantite”],[“Adamantite”],[“Adamantite”],6B,[“aerial”],1
336,C0FB88,New,Lonka Meteor,Chim.Brain,key,7,,,,,6C,[“meteor”],1
337,C0FB8A,New,Walse Meteor,Puroboros,key,7,,,,,6E,[“meteor”],1
338,C0FB8C,New,Karnak Meteor,Titan,key,7,,,,,6D,[“meteor”],1
339,C0FBB6,New,Ancient Library,Ifrit,key,7,,,,,83,[“library”],1
340,C0FBB8,New,Walse Kingdom,Shiva,key,7,,,,,84,[“castle”],1
341,C0FBBA,New,Catapult,Crayclaw,key,7,,,,,85,[“aerial”],1
342,C0FB8E,New,Exdeath's Castle,Gilgamesh 1,key,7,,[“Anti Barrier”],"[“Adamantite”, “Anti Barrier”]",[“Anti Barrier”],6F,[“castle”],2
343,C0FB90,New,Big Bridge,Gilgamesh 2,key,7,,[“Big Bridge Key”],"[“Adamantite”, “Big Bridge Key”]",[“Big Bridge Key”],70,[“bridge”],2
344,C0FB92,New,Moogle Waterway,Tyrasaurus,key,7,,,[“Adamantite”],,71,[“cave”],2
345,C0FB94,New,Bal Castle,Abductor,key,7,,,[“Adamantite”],,72,[“castle”],2
346,C0FB96,New,Hiryuu Valley,HiryuuPlant,key,7,,,[“Adamantite”],,73,[“mountainous”],2
347,C0FB98,New,Zeza Fleet,Gilgamesh 3 & Enkidou,key,7,,[“Hiryuu Call”],"[“Adamantite”, “Hiryuu Call”]",[“Hiryuu Call”],74,[“ship”],2
348,C0FB9A,New,Barrier Tower,Atmos,key,7,,[“Submarine Key”],"[“Adamantite”, “Submarine Key”]",[“Submarine Key”],75,[“tower”],2
349,C0FB9C,New,Mua Forest,Guardians,key,7,,[“Elder Branch”],"[“Adamantite”, “Elder Branch”]",[“Elder Branch”],76,[“forest”],2
350,C0FB9E,New,Exdeath's Castle,Carbunkle,key,7,,"[“Anti Barrier”, “Bracelet”]","[“Adamantite”, “Anti Barrier”, “Bracelet”]","[“Anti Barrier”, “Bracelet”]",77,[“castle”],2
351,C0FBA0,New,Exdeath's Castle,Gilgamesh 4,key,7,,"[“Anti Barrier”, “Bracelet”]","[“Adamantite”, “Anti Barrier”, “Bracelet”]","[“Anti Barrier”, “Bracelet”]",78,[“castle”],2
352,C0FBA2,New,Tule Pass,Antlion,key,7,,,"[“Adamantite”, “Anti Barrier”, “Bracelet”]","[“Anti Barrier”, “Bracelet”]",79,[“mountainous”],3
353,C0FBA4,New,Guardian Tree,Merugene,key,7,,,"[“Adamantite”, “Anti Barrier”, “Bracelet”]","[“Anti Barrier”, “Bracelet”]",7A,[“forest”],3
354,C0FBA6,New,Bal Castle,Odin,key,8,,,"[“Adamantite”, “Anti Barrier”, “Bracelet”]","[“Anti Barrier”, “Bracelet”]",7B,[“castle”],3
355,C0FBA8,New,Great Trench,"Triton, Neregeid & Phobos",key,8,,"[“Submarine Key”, “Trench Page”]","[“Adamantite”, “Anti Barrier”, “Bracelet”, “Submarine Key”, “Trench Page”]","[“Anti Barrier”, “Bracelet”, “Submarine Key”, “Trench Page”]",7C,[“underwater”],3
356,C0FBAA,New,Fork Tower,Omniscient,key,8,,[“Elder Branch”],"[“Adamantite”, “Anti Barrier”, “Bracelet”, “Elder Branch”]","[“Anti Barrier”, “Bracelet”, “Elder Branch”]",7D,[“tower”],3
357,C0FBAC,New,Fork Tower,Minotauros,key,8,,[“Elder Branch”],"[“Adamantite”, “Anti Barrier”, “Bracelet”, “Elder Branch”]","[“Anti Barrier”, “Bracelet”, “Elder Branch”]",7E,[“tower”],3
358,C0FBAE,New,Istory Falls,Leviathan,key,8,,"[“Submarine Key”, “Falls Page”]","[“Adamantite”, “Anti Barrier”, “Bracelet”, “Submarine Key”, “Falls Page”]","[“Anti Barrier”, “Bracelet”, “Submarine Key”, “Falls Page”]",7F,[“underwater”],3
359,C0FBB0,New,Solitary Island,Stalker,key,8,,[“Shrine Page”],"[“Adamantite”, “Anti Barrier”, “Bracelet”, “Shrine Page”]","[“Anti Barrier”, “Bracelet”, “Shrine Page”]",80,[“shrine”],3
360,C0FBB2,New,Walse Tower,GoGo,key,8,,[“Submarine Key”],"[“Adamantite”, “Anti Barrier”, “Bracelet”, “Submarine Key”]","[“Anti Barrier”, “Bracelet”, “Submarine Key”]",81,[“tower”],3
361,C0FBB4,New,North Mountain,Bahamut,key,8,,[“Mirage Radar”],"[“Adamantite”, “Anti Barrier”, “Bracelet”, “Mirage Radar”]","[“Anti Barrier”, “Bracelet”, “Mirage Radar”]",82,[“mountainous”],3
